EXPO_PUBLIC_API_KEY=5103cf641c19a5ed0383488fc122d2f4
EXPO_PUBLIC_LAT=49.246292
EXPO_PUBLIC_LON=-123.116226